#### RESULTS OF PARALLELIZATION ####
# times in milliseconds

# cores = 1 - nrow = 1e+6
c1 <- c(168874, 164559, 168666, 169322, 174526)

# cores = 2 - nrow = 1e+6
c2 <- c(168066, 167546, 168793, 170376, 168641)

# cores = 3 - nrow = 1e+6
c2 <- c(161994, 168565)